000000000 01
000000001 01
000000010 01
000000011 01
000000100 01
000000101 01
000000110 01
000000111 10
000001000 01
000001001 01
000001010 01
000001011 01
000001100 01
000001101 01
000001110 01
000001111 10
000010000 01
000010001 01
000010010 01
000010011 01
000010100 01
000010101 01
000010110 01
000010111 10
000011000 01
000011001 01
000011010 01
000011011 01
000011100 01
000011101 01
000011110 01
000011111 10
000100000 01
000100001 01
000100010 01
000100011 01
000100100 01
000100101 01
000100110 01
000100111 10
000101000 01
000101001 01
000101010 01
000101011 01
000101100 01
000101101 01
000101110 01
000101111 10
000110000 01
000110001 01
000110010 01
000110011 01
000110100 01
000110101 01
000110110 01
000110111 10
001000000 01
001000001 01
001000010 01
001000011 01
001000100 01
001000101 01
001000110 01
001000111 10
001001000 01
001001001 10
001001010 01
001001011 10
001001100 01
001001101 10
001001110 01
001001111 10
001010000 01
001010001 01
001010010 01
001010011 01
001010100 10
001010101 10
001010110 10
001010111 10
001011000 01
001011001 10
001011010 01
001011011 10
001011100 10
001011101 10
001011110 10
001011111 10
001100000 01
001100001 01
001100010 01
001100011 01
001100100 01
001100101 01
001100110 01
001100111 10
001101000 01
001101001 10
001101010 01
001101011 10
001101100 01
001101101 10
001101110 01
001101111 10
001110000 01
001110001 01
001110010 01
001110011 01
001110100 10
001110101 10
001110110 10
001110111 10
010000000 01
010000001 01
010000010 01
010000011 01
010000100 01
010000101 01
010000110 01
010000111 10
010001000 01
010001001 01
010001010 01
010001011 01
010001100 01
010001101 01
010001110 01
010001111 10
010010000 01
010010001 01
010010100 01
010010101 01
010011000 01
010011001 01
010011100 01
010011101 01
010100000 01
010100001 01
010100010 01
010100011 01
010100100 01
010100101 01
010100110 01
010100111 10
010101000 01
010101001 01
010101010 01
010101011 01
010101100 01
010101101 01
010101110 01
010101111 10
010110000 01
010110001 01
010110100 01
010110101 01
011000000 01
011000001 01
011000010 01
011000011 01
011000100 01
011000101 01
011000110 01
011000111 10
011001000 01
011001001 10
011001010 01
011001011 10
011001100 01
011001101 10
011001110 01
011001111 10
011010000 01
011010001 01
011010100 10
011010101 10
011011000 01
011011001 10
011011100 10
011011101 10
011100000 01
011100001 01
011100010 01
011100011 01
011100100 01
011100101 01
011100110 01
011100111 10
011101000 01
011101001 10
011101010 01
011101011 10
011101100 01
011101101 10
011101110 01
011101111 10
011110000 01
011110001 01
011110100 10
011110101 10
100000000 01
100000001 01
100000010 01
100000011 01
100000100 01
100000101 01
100000110 01
100000111 10
100001000 01
100001001 01
100001010 01
100001011 01
100001100 01
100001101 01
100001110 01
100001111 10
100010000 01
100010001 10
100010010 01
100010011 10
100010100 01
100010101 10
100010110 01
100010111 10
100011000 01
100011001 10
100011010 01
100011011 10
100011100 01
100011101 10
100011110 01
100011111 10
100100000 01
100100001 01
100100010 01
100100011 01
100100100 10
100100101 10
100100110 10
100100111 10
100101000 01
100101001 01
100101010 01
100101011 01
100101100 10
100101101 10
100101110 10
100101111 10
100110000 01
100110001 10
100110010 01
100110011 10
100110100 10
100110101 10
100110110 10
100110111 10
101000000 01
101000001 01
101000010 01
101000011 01
101000100 01
101000101 01
101000110 01
101000111 10
101001000 01
101001001 10
101001010 01
101001011 10
101001100 01
101001101 10
101001110 01
101001111 10
101010000 01
101010001 10
101010010 01
101010011 10
101010100 10
101010101 10
101010110 10
101010111 10
101011000 01
101011001 10
101011010 01
101011011 10
101011100 10
101011101 10
101011110 10
101011111 10
101100000 01
101100001 01
101100010 01
101100011 01
101100100 10
101100101 10
101100110 10
101100111 10
101101000 01
101101001 10
101101010 01
101101011 10
101101100 10
101101101 10
101101110 10
101101111 10
101110000 01
101110001 10
101110010 01
101110011 10
101110100 10
101110101 10
101110110 10
101110111 10
110000000 01
110000001 01
110000010 01
110000011 01
110000100 01
110000101 01
110000110 01
110000111 10
110001000 01
110001001 01
110001010 01
110001011 01
110001100 01
110001101 01
110001110 01
110001111 10
110010000 01
110010001 10
110010100 01
110010101 10
110011000 01
110011001 10
110011100 01
110011101 10
110100000 01
110100001 01
110100010 01
110100011 01
110100100 10
110100101 10
110100110 10
110100111 10
110101000 01
110101001 01
110101010 01
110101011 01
110101100 10
110101101 10
110101110 10
110101111 10
110110000 01
110110001 10
110110100 10
110110101 10
111000000 10
111000001 10
111000010 10
111000011 10
111000100 10
111000101 10
111000110 10
111000111 10
111001000 10
111001001 10
111001010 10
111001011 10
111001100 10
111001101 10
111001110 10
111001111 10
111010000 10
111010001 10
111010100 10
111010101 10
111011000 10
111011001 10
111011100 10
111011101 10
111100000 10
111100001 10
111100010 10
111100011 10
111100100 10
111100101 10
111100110 10
111100111 10
111101000 10
111101001 10
111101010 10
111101011 10
111101100 10
111101101 10
111101110 10
111101111 10
111110000 10
111110001 10
111110100 10
111110101 10
